1612.06890

2410.09733

2204.03162

2210.01936

2306.14610

2207.00221

2305.03689

2404.14715

2310.19785

1902.09506

2410.14669

2212.07796

2312.00081

2112.07566

2303.14465

2404.14715

2212.05032

2406.09952

2310.09336

2206.01714

2307.06350

2306.04695

2407.07077

2408.14339

2206.01714

2408.13858

2408.14135

2408.13256

2312.03587

2401.11708

2410.14817

2407.14662

2308.10509

2406.09952

2407.05897

2410.06912

2408.09511

2411.02545

2407.15296

2305.14897

2303.14465

2302.14383

2407.13715

2305.14428

2408.08703

2004.11660

1803.02991

1802.05983

2212.08698
